   0.00075   89.0908
  0.001555   89.3069
  0.002315   89.904
  0.003067   89.9684
  0.003822   89.6473
  0.004582   89.492
  0.005832   90.6602
  0.006599   89.6086
  0.007369   89.6596
  0.008129   90.4471
  0.009666   89.8234
   0.01092   90.3305
   0.01169   90.3575
   0.01245   89.2936
   0.01322   89.3702
   0.01399   89.1149
   0.01474   90.7861
   0.01551   90.4764
   0.01626   90.8569
   0.01702   89.4746
   0.01827   89.1827
   0.01903   90.1022
    0.0198   90.5617
   0.02055   90.0561
