   0.00075   89.5596
   0.00151   90.4646
   0.00228   89.5254
  0.003041   90.8472
    0.0038   90.438
  0.004577   90.4506
   0.00534   89.3346
  0.006096   90.3698
  0.006893   90.845
  0.007657   90.5082
  0.008907   89.7806
  0.009666   89.8463
   0.01042   90.4592
   0.01118   89.5613
   0.01195   89.694
   0.01271   89.267
   0.01396   90.0319
   0.01521   90.9671
   0.01596   89.7879
   0.01721   89.8676
   0.01797   89.5776
   0.01874   90.6373
   0.01951   89.7191
   0.02076   89.3672
