   0.00075   89.6064
  0.001503   90.9684
  0.002258   90.0018
  0.003044   90.0346
   0.00381   90.2811
   0.00506   89.1467
  0.005814   90.5392
  0.006581   90.3013
  0.007336   90.1865
  0.008111   89.8526
  0.008883   90.0055
  0.009656   90.7897
   0.01042   90.9603
   0.01117   89.9714
   0.01194   89.7974
   0.01271   90.3734
   0.01396   90.3494
   0.01473   90.2859
    0.0155   90.0022
   0.01627   90.3407
   0.01705   89.1502
   0.01781   89.8464
   0.01906   90.7652
   0.01981   89.5199
   0.02057   89.847
