   0.00075   90.053
  0.001536   89.7364
  0.002786   89.5535
  0.004036   89.0152
  0.004789   90.5709
  0.005573   89.4659
   0.00634   89.7065
  0.007103   90.3873
  0.008353   90.4773
  0.009106   89.9038
  0.009892   89.3604
   0.01114   89.9281
   0.01239   90.3582
   0.01316   90.5717
   0.01394   90.5577
   0.01474   89.7173
    0.0155   90.7513
   0.01625   89.9796
   0.01704   89.0722
    0.0178   90.4884
   0.01856   89.9328
   0.01931   89.0567
   0.02008   89.139
   0.02084   89.6325
