   0.00075   89.7707
     0.002   89.7471
  0.002809   90.6464
   0.00356   89.1502
   0.00481   89.9395
  0.005566   90.94
  0.006319   90.7333
  0.007072   89.3489
  0.007837   89.9709
  0.008623   90.2885
  0.009397   90.9611
   0.01017   90.9013
   0.01092   89.1928
   0.01167   89.7362
   0.01242   90.9954
   0.01318   90.4734
   0.01394   90.7047
   0.01469   89.8918
   0.01553   90.5025
    0.0163   90.3367
   0.01705   90.6093
   0.01781   90.4674
   0.01856   90.5091
   0.01932   90.1985
   0.02057   90.683
