   0.00075   90.5203
  0.001504   90.9561
  0.002266   89.3281
  0.003026   89.8823
  0.004276   90.5548
  0.005042   90.4009
  0.006292   90.5912
  0.007542   90.8955
  0.008299   90.384
  0.009076   89.9268
  0.009865   90.4164
   0.01066   90.3853
   0.01143   89.4854
   0.01218   89.5172
   0.01295   90.9829
    0.0137   89.6089
   0.01445   90.2148
   0.01522   90.0931
   0.01598   90.0845
   0.01723   89.1708
   0.01798   89.5384
   0.01873   90.9193
   0.01949   89.4312
   0.02074   89.4748
