   0.00075   89.8757
     0.002   90.917
  0.002765   89.5774
  0.003528   89.2642
   0.00429   89.4182
   0.00554   90.7692
  0.006292   90.1725
  0.007098   89.8857
  0.007867   89.6722
  0.008658   89.358
  0.009908   90.3955
   0.01066   90.7102
   0.01141   89.4124
   0.01217   89.3682
   0.01294   90.4709
   0.01371   89.1161
   0.01446   89.6225
   0.01522   89.4168
   0.01598   90.403
   0.01723   89.3716
   0.01799   89.9508
   0.01878   89.7939
   0.01956   89.3244
   0.02032   89.3593
