   0.00075   89.041
     0.002   90.3116
  0.002753   90.5005
  0.004003   89.6236
  0.004767   89.8684
  0.005527   90.6473
  0.006287   89.6825
  0.007041   90.5437
  0.007846   89.5976
  0.009096   89.6074
  0.009861   90.3942
   0.01062   89.2383
   0.01137   90.3901
   0.01213   90.7132
   0.01289   89.8161
   0.01365   90.8619
    0.0144   90.6956
   0.01565   89.2383
   0.01642   90.2006
   0.01718   90.687
   0.01843   90.4502
   0.01921   89.4929
   0.01998   90.6517
   0.02073   89.1004
