   0.00075   90.1403
  0.001519   90.2977
  0.002291   89.5896
  0.003078   90.1056
  0.003845   89.9773
   0.00461   89.9553
   0.00538   89.6434
  0.006155   90.4866
  0.007405   90.8828
  0.008157   89.972
  0.008955   89.1605
  0.009711   89.2497
   0.01047   90.5262
   0.01172   90.6371
   0.01322   89.2604
   0.01447   89.8512
   0.01525   90.0786
     0.016   89.0265
   0.01675   89.0434
   0.01751   90.8528
   0.01826   89.6469
   0.01903   90.6019
   0.01978   89.8251
   0.02057   90.8915
