    0.0015   89.501
  0.003033   90.1889
  0.003785   90.2767
  0.004556   90.1355
  0.005322   89.652
  0.006077   90.8154
  0.006831   90.4402
  0.007682   89.0939
  0.008434   89.8533
  0.009193   90.6864
   0.01003   89.9392
   0.01078   89.0361
   0.01154   89.4769
   0.01231   90.4055
   0.01306   90.6774
   0.01383   89.716
   0.01459   90.0222
   0.01537   90.2751
   0.01613   89.5932
   0.01689   90.8227
   0.01814   90.6928
   0.01891   89.2823
   0.01966   90.5347
   0.02042   90.5816
