   0.00075   89.7992
  0.001507   89.8155
   0.00226   89.4978
  0.003016   89.2716
  0.003766   90.3767
  0.005016   90.7254
  0.005768   90.0879
  0.006541   90.8391
  0.007291   90.292
  0.008064   90.7812
  0.008817   90.5682
   0.01007   90.343
   0.01084   89.311
    0.0116   90.05
   0.01285   90.2775
    0.0141   90.4917
   0.01486   90.2722
   0.01561   90.4457
   0.01636   90.4
   0.01712   90.3589
   0.01789   90.3157
   0.01864   90.6069
    0.0194   90.8977
   0.02015   89.2851
   0.02091   89.2308
