   0.00075   90.3356
  0.001501   89.8342
  0.002298   90.9254
  0.003548   89.658
  0.004321   89.6567
  0.005099   89.7016
  0.005856   89.1276
  0.006614   89.3551
  0.007373   89.7536
  0.008146   89.6044
  0.008912   90.0191
  0.009694   90.7489
   0.01045   90.1329
    0.0117   89.6806
   0.01295   90.7822
    0.0137   90.0771
   0.01454   90.5799
   0.01579   90.1479
   0.01656   90.1469
   0.01734   90.4324
    0.0181   89.613
   0.01887   89.8843
   0.01969   89.0244
   0.02045   90.5513
