   0.00075   90.3452
  0.001501   89.5058
  0.003003   89.7434
  0.003759   89.7282
  0.004541   89.5901
  0.005316   89.3199
  0.006067   89.8307
  0.006834   90.1937
  0.007619   90.9722
  0.008383   90.4829
  0.009142   89.6882
  0.009902   90.1535
   0.01115   89.2968
   0.01191   89.786
   0.01267   89.6234
   0.01344   89.0545
   0.01419   90.4079
   0.01544   89.5378
   0.01621   89.5686
   0.01709   89.1237
   0.01834   89.3174
    0.0191   89.9917
   0.01989   90.1851
   0.02068   89.9668
