   0.00075   90.183
  0.001537   89.9543
  0.002321   90.8134
  0.003093   89.8766
  0.003875   90.5514
  0.004634   89.3587
  0.005397   89.0563
  0.006148   89.4278
  0.006915   89.5575
  0.007677   89.4025
  0.008437   90.8885
  0.009187   89.5558
  0.009947   89.3415
   0.01072   89.5192
   0.01149   89.6372
   0.01232   89.7465
   0.01308   89.5916
   0.01383   90.9016
   0.01459   90.829
   0.01534   89.2369
   0.01618   89.7455
   0.01743   90.115
   0.01822   90.9206
   0.01897   90.437
   0.01973   90.6163
