   0.00075   90.434
  0.001526   89.0677
  0.002277   89.0361
  0.003527   89.6264
  0.004291   90.6688
  0.005047   89.0827
  0.005799   89.4488
  0.006571   89.2583
  0.007326   90.9924
  0.008081   89.5582
  0.008854   89.2566
  0.009619   90.5505
   0.01046   90.281
   0.01124   90.4456
   0.01201   89.9707
   0.01277   90.7205
   0.01353   89.0228
   0.01504   89.7173
   0.01629   90.1459
   0.01704   89.6163
   0.01781   89.4395
   0.01859   90.6435
   0.01934   89.9334
   0.02016   90.8177
