   0.00075   89.678
  0.001515   90.3073
   0.00228   89.8414
  0.003796   90.5012
  0.004564   90.7782
  0.005314   90.203
  0.006075   89.8797
  0.007325   90.0351
  0.008575   90.5174
   0.00935   90.8777
   0.01011   90.5184
   0.01136   89.3631
   0.01211   90.1575
   0.01289   90.0239
   0.01369   89.7135
   0.01446   90.4297
   0.01522   90.2024
     0.016   90.1352
   0.01678   89.5067
   0.01756   90.9762
   0.01832   89.339
   0.01907   90.6516
   0.01984   90.3204
    0.0206   89.7953
