   0.00075   89.679
  0.001506   90.0148
  0.002756   90.1828
  0.003508   89.0896
  0.004264   90.0839
   0.00503   89.2229
  0.005795   90.487
  0.006546   89.6869
   0.00734   89.1123
  0.008094   89.7101
   0.00886   89.6214
  0.009624   90.8214
   0.01039   90.9969
   0.01164   90.7676
   0.01242   89.4327
   0.01317   89.5261
   0.01393   90.5144
   0.01469   89.1403
    0.0162   90.3587
   0.01696   90.1218
   0.01773   89.6117
   0.01851   89.9717
   0.01976   90.9939
   0.02051   89.0596
