   0.00075   89.1224
  0.001501   90.9108
  0.002256   90.1369
  0.003012   89.7849
   0.00378   90.7948
   0.00503   89.6137
  0.005785   90.5971
  0.006544   90.8911
  0.007298   89.9372
   0.00809   90.6406
  0.008864   90.1512
  0.009717   89.013
   0.01047   90.66
   0.01123   89.236
   0.01198   90.8383
   0.01274   90.2853
    0.0135   89.5511
   0.01437   90.4357
   0.01513   89.6822
   0.01592   89.437
   0.01667   90.8406
   0.01743   90.7111
    0.0182   89.8339
     0.019   89.9137
   0.02025   90.2029
