   0.00075   89.3104
     0.002   90.0668
  0.002798   90.2397
  0.003559   90.8211
  0.004809   89.6906
  0.006059   89.6069
  0.006841   90.5389
  0.007603   90.8578
  0.008361   89.7102
  0.009126   89.2364
  0.009885   90.1517
   0.01069   90.6287
   0.01146   89.8113
   0.01224   90.9239
     0.013   89.1848
   0.01375   90.4565
   0.01452   89.1825
   0.01528   90.7986
   0.01653   90.8561
   0.01729   90.2697
   0.01806   90.6664
   0.01883   89.2521
   0.01958   90.1493
   0.02035   90.9625
