   0.00075   89.4499
  0.001511   89.7414
  0.002288   89.8605
   0.00306   89.4674
  0.003816   90.2957
  0.004567   89.0401
  0.005321   90.6892
  0.006083   89.9096
  0.007333   90.0822
  0.008105   89.9124
  0.009624   90.5134
   0.01039   90.5929
   0.01164   90.7628
    0.0124   90.356
   0.01318   90.2528
     0.014   90.6849
   0.01476   89.1726
   0.01551   90.8598
   0.01628   89.7923
   0.01753   90.8059
   0.01829   90.1661
    0.0191   89.0819
   0.01985   90.4416
   0.02063   89.3447
