   0.00075   89.9822
     0.002   90.4806
  0.002757   89.1542
  0.003508   90.1369
  0.004758   90.0418
  0.005532   90.0144
  0.006301   89.4368
  0.007056   89.7604
  0.007846   90.7462
  0.009096   89.4837
  0.009847   89.8104
   0.01061   89.1631
   0.01136   89.5764
   0.01261   90.3473
   0.01338   89.2652
   0.01413   89.94
   0.01489   90.6713
   0.01565   89.1655
   0.01641   90.9611
   0.01766   89.0349
   0.01841   90.1766
   0.01919   89.0143
   0.01995   89.9388
   0.02074   89.4091
