   0.00075   89.2555
  0.001519   89.1623
  0.002769   90.5517
  0.003531   89.5697
  0.004294   90.6726
  0.005544   90.0717
  0.006319   89.2489
  0.007092   90.3161
  0.007853   89.416
  0.008606   89.9823
  0.009418   90.403
   0.01027   89.9693
   0.01104   89.3654
   0.01181   90.6573
   0.01257   90.1196
   0.01334   89.4154
   0.01412   90.7662
   0.01537   90.0393
   0.01614   90.0322
   0.01689   90.1007
   0.01765   90.5032
    0.0189   90.6258
   0.01966   90.8589
   0.02042   89.8057
