   0.00075   90.0792
  0.001517   89.9244
  0.002339   89.2521
    0.0031   90.7532
   0.00435   90.8149
    0.0056   90.6522
   0.00685   90.8288
  0.007607   89.2468
  0.008371   89.7291
  0.009149   90.7953
  0.009906   90.7213
   0.01066   89.4784
   0.01141   90.953
   0.01217   90.1526
   0.01297   90.1979
   0.01373   90.444
   0.01448   89.5748
   0.01524   90.1773
   0.01601   90.0621
   0.01677   90.7721
   0.01754   90.0377
   0.01834   90.1584
   0.01909   89.9196
   0.01987   90.3725
