   0.00075   89.4257
  0.001507   89.6486
  0.002265   90.4511
  0.003061   89.9534
  0.003848   89.8169
  0.004624   89.7925
  0.005403   89.0798
  0.006653   89.0848
  0.007409   90.8437
  0.008163   89.1693
  0.008922   90.4081
  0.009705   90.7159
   0.01047   90.6961
   0.01123   90.9429
     0.012   90.6925
   0.01276   89.655
   0.01355   89.8258
   0.01433   89.3279
   0.01558   89.9396
   0.01683   89.3324
   0.01762   89.846
   0.01838   89.1803
   0.01914   89.6334
   0.01991   89.065
