   0.00075   89.5096
  0.001505   90.0493
  0.002386   89.6523
  0.003146   89.3358
  0.003908   90.7188
  0.005158   90.62
  0.005924   90.191
  0.007174   89.2468
  0.007925   90.3103
  0.008799   90.0941
  0.009593   89.4341
   0.01035   90.3726
   0.01116   89.9199
   0.01195   89.66
   0.01272   89.2393
   0.01347   90.8676
   0.01422   89.7093
   0.01502   90.3996
   0.01579   89.5469
   0.01654   89.9611
   0.01732   89.4887
   0.01857   89.6535
   0.01933   90.233
   0.02009   89.2799
   0.02085   90.4281
