   0.00075   90.2151
     0.002   89.3367
  0.002763   89.09
  0.003519   90.3928
   0.00427   89.0947
  0.005033   89.6084
  0.005784   90.9422
  0.006542   90.6714
  0.007792   89.0265
  0.008564   90.722
  0.009318   89.6565
   0.01009   89.7896
   0.01087   89.2404
   0.01163   90.4701
   0.01239   90.8017
   0.01315   90.8672
   0.01391   89.0033
   0.01466   90.1408
   0.01591   89.9469
   0.01716   90.8042
   0.01793   90.8366
    0.0187   90.4889
   0.01948   90.3303
   0.02026   90.3016
